{
 "cells": [
  {
   "cell_type": "markdown",
   "metadata": {
    "id": "0BCBPvR6gim9"
   },
   "source": [
    "# 數值資料標準化"
   ]
  },
  {
   "cell_type": "markdown",
   "metadata": {
    "id": "r3BpQTM4hOSj"
   },
   "source": [
    "## 對應字典法"
   ]
  },
  {
   "cell_type": "code",
   "execution_count": 1,
   "metadata": {
    "colab": {
     "base_uri": "https://localhost:8080/"
    },
    "id": "R0LF49nqx62c",
    "outputId": "27200bd3-c648-4c59-f294-4faba3d6b05d"
   },
   "outputs": [
    {
     "data": {
      "text/plain": [
       "array(['單身', '已婚', '離婚', '未知'], dtype=object)"
      ]
     },
     "execution_count": 1,
     "metadata": {},
     "output_type": "execute_result"
    }
   ],
   "source": [
    "import pandas as pd\n",
    "df = pd.read_csv('客戶聯絡狀況資料檔.csv')\n",
    "\n",
    "df['婚姻'].unique()"
   ]
  },
  {
   "cell_type": "code",
   "execution_count": 2,
   "metadata": {
    "colab": {
     "base_uri": "https://localhost:8080/",
     "height": 424
    },
    "id": "9RqhKyOszaP8",
    "outputId": "82c045e0-dbf9-44a6-e7c0-7121985b8b98"
   },
   "outputs": [
    {
     "data": {
      "text/html": [
       "<div>\n",
       "<style scoped>\n",
       "    .dataframe tbody tr th:only-of-type {\n",
       "        vertical-align: middle;\n",
       "    }\n",
       "\n",
       "    .dataframe tbody tr th {\n",
       "        vertical-align: top;\n",
       "    }\n",
       "\n",
       "    .dataframe thead th {\n",
       "        text-align: right;\n",
       "    }\n",
       "</style>\n",
       "<table border=\"1\" class=\"dataframe\">\n",
       "  <thead>\n",
       "    <tr style=\"text-align: right;\">\n",
       "      <th></th>\n",
       "      <th>年齡</th>\n",
       "      <th>工作</th>\n",
       "      <th>婚姻</th>\n",
       "      <th>學歷</th>\n",
       "      <th>聯絡方式</th>\n",
       "      <th>最後聯絡時間</th>\n",
       "      <th>聯絡次數</th>\n",
       "      <th>消費價格指數</th>\n",
       "      <th>消費信心指數</th>\n",
       "      <th>訂購</th>\n",
       "    </tr>\n",
       "  </thead>\n",
       "  <tbody>\n",
       "    <tr>\n",
       "      <th>0</th>\n",
       "      <td>31.0</td>\n",
       "      <td>服務業</td>\n",
       "      <td>1</td>\n",
       "      <td>高中</td>\n",
       "      <td>手機</td>\n",
       "      <td>750.0</td>\n",
       "      <td>2</td>\n",
       "      <td>92.893</td>\n",
       "      <td>-46.2</td>\n",
       "      <td>一次</td>\n",
       "    </tr>\n",
       "    <tr>\n",
       "      <th>1</th>\n",
       "      <td>55.0</td>\n",
       "      <td>無業</td>\n",
       "      <td>2</td>\n",
       "      <td>高中</td>\n",
       "      <td>市話</td>\n",
       "      <td>154.0</td>\n",
       "      <td>8</td>\n",
       "      <td>94.465</td>\n",
       "      <td>-41.8</td>\n",
       "      <td>一次</td>\n",
       "    </tr>\n",
       "    <tr>\n",
       "      <th>2</th>\n",
       "      <td>27.0</td>\n",
       "      <td>主管</td>\n",
       "      <td>2</td>\n",
       "      <td>專科</td>\n",
       "      <td>手機</td>\n",
       "      <td>466.0</td>\n",
       "      <td>1</td>\n",
       "      <td>92.893</td>\n",
       "      <td>-46.2</td>\n",
       "      <td>頻繁</td>\n",
       "    </tr>\n",
       "    <tr>\n",
       "      <th>3</th>\n",
       "      <td>35.0</td>\n",
       "      <td>主管</td>\n",
       "      <td>2</td>\n",
       "      <td>大學</td>\n",
       "      <td>手機</td>\n",
       "      <td>222.0</td>\n",
       "      <td>1</td>\n",
       "      <td>93.075</td>\n",
       "      <td>-47.1</td>\n",
       "      <td>一次</td>\n",
       "    </tr>\n",
       "    <tr>\n",
       "      <th>4</th>\n",
       "      <td>29.0</td>\n",
       "      <td>藍領</td>\n",
       "      <td>1</td>\n",
       "      <td>國中</td>\n",
       "      <td>手機</td>\n",
       "      <td>85.0</td>\n",
       "      <td>2</td>\n",
       "      <td>92.893</td>\n",
       "      <td>-46.2</td>\n",
       "      <td>頻繁</td>\n",
       "    </tr>\n",
       "    <tr>\n",
       "      <th>...</th>\n",
       "      <td>...</td>\n",
       "      <td>...</td>\n",
       "      <td>...</td>\n",
       "      <td>...</td>\n",
       "      <td>...</td>\n",
       "      <td>...</td>\n",
       "      <td>...</td>\n",
       "      <td>...</td>\n",
       "      <td>...</td>\n",
       "      <td>...</td>\n",
       "    </tr>\n",
       "    <tr>\n",
       "      <th>40995</th>\n",
       "      <td>47.0</td>\n",
       "      <td>主管</td>\n",
       "      <td>2</td>\n",
       "      <td>大學</td>\n",
       "      <td>市話</td>\n",
       "      <td>76.0</td>\n",
       "      <td>1</td>\n",
       "      <td>93.918</td>\n",
       "      <td>-42.7</td>\n",
       "      <td>偶爾</td>\n",
       "    </tr>\n",
       "    <tr>\n",
       "      <th>40996</th>\n",
       "      <td>30.0</td>\n",
       "      <td>主管</td>\n",
       "      <td>2</td>\n",
       "      <td>大學</td>\n",
       "      <td>手機</td>\n",
       "      <td>438.0</td>\n",
       "      <td>2</td>\n",
       "      <td>92.469</td>\n",
       "      <td>-33.6</td>\n",
       "      <td>從未</td>\n",
       "    </tr>\n",
       "    <tr>\n",
       "      <th>40997</th>\n",
       "      <td>48.0</td>\n",
       "      <td>藍領</td>\n",
       "      <td>2</td>\n",
       "      <td>小學</td>\n",
       "      <td>手機</td>\n",
       "      <td>151.0</td>\n",
       "      <td>1</td>\n",
       "      <td>93.918</td>\n",
       "      <td>-42.7</td>\n",
       "      <td>從未</td>\n",
       "    </tr>\n",
       "    <tr>\n",
       "      <th>40998</th>\n",
       "      <td>50.0</td>\n",
       "      <td>經理</td>\n",
       "      <td>2</td>\n",
       "      <td>大學</td>\n",
       "      <td>市話</td>\n",
       "      <td>242.0</td>\n",
       "      <td>2</td>\n",
       "      <td>94.465</td>\n",
       "      <td>-41.8</td>\n",
       "      <td>從未</td>\n",
       "    </tr>\n",
       "    <tr>\n",
       "      <th>40999</th>\n",
       "      <td>29.0</td>\n",
       "      <td>自僱人士</td>\n",
       "      <td>1</td>\n",
       "      <td>大學</td>\n",
       "      <td>手機</td>\n",
       "      <td>88.0</td>\n",
       "      <td>1</td>\n",
       "      <td>93.200</td>\n",
       "      <td>-42.0</td>\n",
       "      <td>從未</td>\n",
       "    </tr>\n",
       "  </tbody>\n",
       "</table>\n",
       "<p>41000 rows × 10 columns</p>\n",
       "</div>"
      ],
      "text/plain": [
       "         年齡    工作  婚姻  學歷 聯絡方式  最後聯絡時間  聯絡次數  消費價格指數  消費信心指數  訂購\n",
       "0      31.0   服務業   1  高中   手機   750.0     2  92.893   -46.2  一次\n",
       "1      55.0    無業   2  高中   市話   154.0     8  94.465   -41.8  一次\n",
       "2      27.0    主管   2  專科   手機   466.0     1  92.893   -46.2  頻繁\n",
       "3      35.0    主管   2  大學   手機   222.0     1  93.075   -47.1  一次\n",
       "4      29.0    藍領   1  國中   手機    85.0     2  92.893   -46.2  頻繁\n",
       "...     ...   ...  ..  ..  ...     ...   ...     ...     ...  ..\n",
       "40995  47.0    主管   2  大學   市話    76.0     1  93.918   -42.7  偶爾\n",
       "40996  30.0    主管   2  大學   手機   438.0     2  92.469   -33.6  從未\n",
       "40997  48.0    藍領   2  小學   手機   151.0     1  93.918   -42.7  從未\n",
       "40998  50.0    經理   2  大學   市話   242.0     2  94.465   -41.8  從未\n",
       "40999  29.0  自僱人士   1  大學   手機    88.0     1  93.200   -42.0  從未\n",
       "\n",
       "[41000 rows x 10 columns]"
      ]
     },
     "execution_count": 2,
     "metadata": {},
     "output_type": "execute_result"
    }
   ],
   "source": [
    "dict1 = {'單身':1, '已婚':2, '離婚':3, '未知':4}\n",
    "df['婚姻'].replace(dict1, inplace=True)\n",
    "df"
   ]
  },
  {
   "cell_type": "code",
   "execution_count": 3,
   "metadata": {
    "colab": {
     "base_uri": "https://localhost:8080/",
     "height": 424
    },
    "id": "PdlWtGCC09KC",
    "outputId": "a3f10b00-e808-4432-974c-051dfc834961"
   },
   "outputs": [
    {
     "data": {
      "text/html": [
       "<div>\n",
       "<style scoped>\n",
       "    .dataframe tbody tr th:only-of-type {\n",
       "        vertical-align: middle;\n",
       "    }\n",
       "\n",
       "    .dataframe tbody tr th {\n",
       "        vertical-align: top;\n",
       "    }\n",
       "\n",
       "    .dataframe thead th {\n",
       "        text-align: right;\n",
       "    }\n",
       "</style>\n",
       "<table border=\"1\" class=\"dataframe\">\n",
       "  <thead>\n",
       "    <tr style=\"text-align: right;\">\n",
       "      <th></th>\n",
       "      <th>年齡</th>\n",
       "      <th>工作</th>\n",
       "      <th>婚姻</th>\n",
       "      <th>學歷</th>\n",
       "      <th>聯絡方式</th>\n",
       "      <th>最後聯絡時間</th>\n",
       "      <th>聯絡次數</th>\n",
       "      <th>消費價格指數</th>\n",
       "      <th>消費信心指數</th>\n",
       "      <th>訂購</th>\n",
       "    </tr>\n",
       "  </thead>\n",
       "  <tbody>\n",
       "    <tr>\n",
       "      <th>0</th>\n",
       "      <td>31.0</td>\n",
       "      <td>服務業</td>\n",
       "      <td>單身</td>\n",
       "      <td>高中</td>\n",
       "      <td>手機</td>\n",
       "      <td>750.0</td>\n",
       "      <td>2</td>\n",
       "      <td>92.893</td>\n",
       "      <td>-46.2</td>\n",
       "      <td>一次</td>\n",
       "    </tr>\n",
       "    <tr>\n",
       "      <th>1</th>\n",
       "      <td>55.0</td>\n",
       "      <td>無業</td>\n",
       "      <td>已婚</td>\n",
       "      <td>高中</td>\n",
       "      <td>市話</td>\n",
       "      <td>154.0</td>\n",
       "      <td>8</td>\n",
       "      <td>94.465</td>\n",
       "      <td>-41.8</td>\n",
       "      <td>一次</td>\n",
       "    </tr>\n",
       "    <tr>\n",
       "      <th>2</th>\n",
       "      <td>27.0</td>\n",
       "      <td>主管</td>\n",
       "      <td>已婚</td>\n",
       "      <td>專科</td>\n",
       "      <td>手機</td>\n",
       "      <td>466.0</td>\n",
       "      <td>1</td>\n",
       "      <td>92.893</td>\n",
       "      <td>-46.2</td>\n",
       "      <td>頻繁</td>\n",
       "    </tr>\n",
       "    <tr>\n",
       "      <th>3</th>\n",
       "      <td>35.0</td>\n",
       "      <td>主管</td>\n",
       "      <td>已婚</td>\n",
       "      <td>大學</td>\n",
       "      <td>手機</td>\n",
       "      <td>222.0</td>\n",
       "      <td>1</td>\n",
       "      <td>93.075</td>\n",
       "      <td>-47.1</td>\n",
       "      <td>一次</td>\n",
       "    </tr>\n",
       "    <tr>\n",
       "      <th>4</th>\n",
       "      <td>29.0</td>\n",
       "      <td>藍領</td>\n",
       "      <td>單身</td>\n",
       "      <td>國中</td>\n",
       "      <td>手機</td>\n",
       "      <td>85.0</td>\n",
       "      <td>2</td>\n",
       "      <td>92.893</td>\n",
       "      <td>-46.2</td>\n",
       "      <td>頻繁</td>\n",
       "    </tr>\n",
       "    <tr>\n",
       "      <th>...</th>\n",
       "      <td>...</td>\n",
       "      <td>...</td>\n",
       "      <td>...</td>\n",
       "      <td>...</td>\n",
       "      <td>...</td>\n",
       "      <td>...</td>\n",
       "      <td>...</td>\n",
       "      <td>...</td>\n",
       "      <td>...</td>\n",
       "      <td>...</td>\n",
       "    </tr>\n",
       "    <tr>\n",
       "      <th>40995</th>\n",
       "      <td>47.0</td>\n",
       "      <td>主管</td>\n",
       "      <td>已婚</td>\n",
       "      <td>大學</td>\n",
       "      <td>市話</td>\n",
       "      <td>76.0</td>\n",
       "      <td>1</td>\n",
       "      <td>93.918</td>\n",
       "      <td>-42.7</td>\n",
       "      <td>偶爾</td>\n",
       "    </tr>\n",
       "    <tr>\n",
       "      <th>40996</th>\n",
       "      <td>30.0</td>\n",
       "      <td>主管</td>\n",
       "      <td>已婚</td>\n",
       "      <td>大學</td>\n",
       "      <td>手機</td>\n",
       "      <td>438.0</td>\n",
       "      <td>2</td>\n",
       "      <td>92.469</td>\n",
       "      <td>-33.6</td>\n",
       "      <td>從未</td>\n",
       "    </tr>\n",
       "    <tr>\n",
       "      <th>40997</th>\n",
       "      <td>48.0</td>\n",
       "      <td>藍領</td>\n",
       "      <td>已婚</td>\n",
       "      <td>小學</td>\n",
       "      <td>手機</td>\n",
       "      <td>151.0</td>\n",
       "      <td>1</td>\n",
       "      <td>93.918</td>\n",
       "      <td>-42.7</td>\n",
       "      <td>從未</td>\n",
       "    </tr>\n",
       "    <tr>\n",
       "      <th>40998</th>\n",
       "      <td>50.0</td>\n",
       "      <td>經理</td>\n",
       "      <td>已婚</td>\n",
       "      <td>大學</td>\n",
       "      <td>市話</td>\n",
       "      <td>242.0</td>\n",
       "      <td>2</td>\n",
       "      <td>94.465</td>\n",
       "      <td>-41.8</td>\n",
       "      <td>從未</td>\n",
       "    </tr>\n",
       "    <tr>\n",
       "      <th>40999</th>\n",
       "      <td>29.0</td>\n",
       "      <td>自僱人士</td>\n",
       "      <td>單身</td>\n",
       "      <td>大學</td>\n",
       "      <td>手機</td>\n",
       "      <td>88.0</td>\n",
       "      <td>1</td>\n",
       "      <td>93.200</td>\n",
       "      <td>-42.0</td>\n",
       "      <td>從未</td>\n",
       "    </tr>\n",
       "  </tbody>\n",
       "</table>\n",
       "<p>41000 rows × 10 columns</p>\n",
       "</div>"
      ],
      "text/plain": [
       "         年齡    工作  婚姻  學歷 聯絡方式  最後聯絡時間  聯絡次數  消費價格指數  消費信心指數  訂購\n",
       "0      31.0   服務業  單身  高中   手機   750.0     2  92.893   -46.2  一次\n",
       "1      55.0    無業  已婚  高中   市話   154.0     8  94.465   -41.8  一次\n",
       "2      27.0    主管  已婚  專科   手機   466.0     1  92.893   -46.2  頻繁\n",
       "3      35.0    主管  已婚  大學   手機   222.0     1  93.075   -47.1  一次\n",
       "4      29.0    藍領  單身  國中   手機    85.0     2  92.893   -46.2  頻繁\n",
       "...     ...   ...  ..  ..  ...     ...   ...     ...     ...  ..\n",
       "40995  47.0    主管  已婚  大學   市話    76.0     1  93.918   -42.7  偶爾\n",
       "40996  30.0    主管  已婚  大學   手機   438.0     2  92.469   -33.6  從未\n",
       "40997  48.0    藍領  已婚  小學   手機   151.0     1  93.918   -42.7  從未\n",
       "40998  50.0    經理  已婚  大學   市話   242.0     2  94.465   -41.8  從未\n",
       "40999  29.0  自僱人士  單身  大學   手機    88.0     1  93.200   -42.0  從未\n",
       "\n",
       "[41000 rows x 10 columns]"
      ]
     },
     "execution_count": 3,
     "metadata": {},
     "output_type": "execute_result"
    }
   ],
   "source": [
    "dict2 = {1:'單身', 2:'已婚', 3:'離婚', 4:'未知'}\n",
    "df['婚姻'].replace(dict2, inplace=True)\n",
    "df"
   ]
  },
  {
   "cell_type": "code",
   "execution_count": 4,
   "metadata": {
    "colab": {
     "base_uri": "https://localhost:8080/"
    },
    "id": "MfW1OqwA1kbD",
    "outputId": "b80212b6-ad15-4a2f-a2f0-05729cb57d60"
   },
   "outputs": [
    {
     "data": {
      "text/plain": [
       "array(['高中', '專科', '大學', '國中', '小學', '未知', '文盲'], dtype=object)"
      ]
     },
     "execution_count": 4,
     "metadata": {},
     "output_type": "execute_result"
    }
   ],
   "source": [
    "df['學歷'].unique()"
   ]
  },
  {
   "cell_type": "code",
   "execution_count": 5,
   "metadata": {
    "colab": {
     "base_uri": "https://localhost:8080/",
     "height": 424
    },
    "id": "QfiPxYVl1qT6",
    "outputId": "ebdb4183-d71f-411b-ea35-dfa8acbcbedc"
   },
   "outputs": [
    {
     "data": {
      "text/html": [
       "<div>\n",
       "<style scoped>\n",
       "    .dataframe tbody tr th:only-of-type {\n",
       "        vertical-align: middle;\n",
       "    }\n",
       "\n",
       "    .dataframe tbody tr th {\n",
       "        vertical-align: top;\n",
       "    }\n",
       "\n",
       "    .dataframe thead th {\n",
       "        text-align: right;\n",
       "    }\n",
       "</style>\n",
       "<table border=\"1\" class=\"dataframe\">\n",
       "  <thead>\n",
       "    <tr style=\"text-align: right;\">\n",
       "      <th></th>\n",
       "      <th>年齡</th>\n",
       "      <th>工作</th>\n",
       "      <th>婚姻</th>\n",
       "      <th>學歷</th>\n",
       "      <th>聯絡方式</th>\n",
       "      <th>最後聯絡時間</th>\n",
       "      <th>聯絡次數</th>\n",
       "      <th>消費價格指數</th>\n",
       "      <th>消費信心指數</th>\n",
       "      <th>訂購</th>\n",
       "    </tr>\n",
       "  </thead>\n",
       "  <tbody>\n",
       "    <tr>\n",
       "      <th>0</th>\n",
       "      <td>31.0</td>\n",
       "      <td>服務業</td>\n",
       "      <td>單身</td>\n",
       "      <td>1</td>\n",
       "      <td>手機</td>\n",
       "      <td>750.0</td>\n",
       "      <td>2</td>\n",
       "      <td>92.893</td>\n",
       "      <td>-46.2</td>\n",
       "      <td>一次</td>\n",
       "    </tr>\n",
       "    <tr>\n",
       "      <th>1</th>\n",
       "      <td>55.0</td>\n",
       "      <td>無業</td>\n",
       "      <td>已婚</td>\n",
       "      <td>1</td>\n",
       "      <td>市話</td>\n",
       "      <td>154.0</td>\n",
       "      <td>8</td>\n",
       "      <td>94.465</td>\n",
       "      <td>-41.8</td>\n",
       "      <td>一次</td>\n",
       "    </tr>\n",
       "    <tr>\n",
       "      <th>2</th>\n",
       "      <td>27.0</td>\n",
       "      <td>主管</td>\n",
       "      <td>已婚</td>\n",
       "      <td>2</td>\n",
       "      <td>手機</td>\n",
       "      <td>466.0</td>\n",
       "      <td>1</td>\n",
       "      <td>92.893</td>\n",
       "      <td>-46.2</td>\n",
       "      <td>頻繁</td>\n",
       "    </tr>\n",
       "    <tr>\n",
       "      <th>3</th>\n",
       "      <td>35.0</td>\n",
       "      <td>主管</td>\n",
       "      <td>已婚</td>\n",
       "      <td>3</td>\n",
       "      <td>手機</td>\n",
       "      <td>222.0</td>\n",
       "      <td>1</td>\n",
       "      <td>93.075</td>\n",
       "      <td>-47.1</td>\n",
       "      <td>一次</td>\n",
       "    </tr>\n",
       "    <tr>\n",
       "      <th>4</th>\n",
       "      <td>29.0</td>\n",
       "      <td>藍領</td>\n",
       "      <td>單身</td>\n",
       "      <td>4</td>\n",
       "      <td>手機</td>\n",
       "      <td>85.0</td>\n",
       "      <td>2</td>\n",
       "      <td>92.893</td>\n",
       "      <td>-46.2</td>\n",
       "      <td>頻繁</td>\n",
       "    </tr>\n",
       "    <tr>\n",
       "      <th>...</th>\n",
       "      <td>...</td>\n",
       "      <td>...</td>\n",
       "      <td>...</td>\n",
       "      <td>...</td>\n",
       "      <td>...</td>\n",
       "      <td>...</td>\n",
       "      <td>...</td>\n",
       "      <td>...</td>\n",
       "      <td>...</td>\n",
       "      <td>...</td>\n",
       "    </tr>\n",
       "    <tr>\n",
       "      <th>40995</th>\n",
       "      <td>47.0</td>\n",
       "      <td>主管</td>\n",
       "      <td>已婚</td>\n",
       "      <td>3</td>\n",
       "      <td>市話</td>\n",
       "      <td>76.0</td>\n",
       "      <td>1</td>\n",
       "      <td>93.918</td>\n",
       "      <td>-42.7</td>\n",
       "      <td>偶爾</td>\n",
       "    </tr>\n",
       "    <tr>\n",
       "      <th>40996</th>\n",
       "      <td>30.0</td>\n",
       "      <td>主管</td>\n",
       "      <td>已婚</td>\n",
       "      <td>3</td>\n",
       "      <td>手機</td>\n",
       "      <td>438.0</td>\n",
       "      <td>2</td>\n",
       "      <td>92.469</td>\n",
       "      <td>-33.6</td>\n",
       "      <td>從未</td>\n",
       "    </tr>\n",
       "    <tr>\n",
       "      <th>40997</th>\n",
       "      <td>48.0</td>\n",
       "      <td>藍領</td>\n",
       "      <td>已婚</td>\n",
       "      <td>5</td>\n",
       "      <td>手機</td>\n",
       "      <td>151.0</td>\n",
       "      <td>1</td>\n",
       "      <td>93.918</td>\n",
       "      <td>-42.7</td>\n",
       "      <td>從未</td>\n",
       "    </tr>\n",
       "    <tr>\n",
       "      <th>40998</th>\n",
       "      <td>50.0</td>\n",
       "      <td>經理</td>\n",
       "      <td>已婚</td>\n",
       "      <td>3</td>\n",
       "      <td>市話</td>\n",
       "      <td>242.0</td>\n",
       "      <td>2</td>\n",
       "      <td>94.465</td>\n",
       "      <td>-41.8</td>\n",
       "      <td>從未</td>\n",
       "    </tr>\n",
       "    <tr>\n",
       "      <th>40999</th>\n",
       "      <td>29.0</td>\n",
       "      <td>自僱人士</td>\n",
       "      <td>單身</td>\n",
       "      <td>3</td>\n",
       "      <td>手機</td>\n",
       "      <td>88.0</td>\n",
       "      <td>1</td>\n",
       "      <td>93.200</td>\n",
       "      <td>-42.0</td>\n",
       "      <td>從未</td>\n",
       "    </tr>\n",
       "  </tbody>\n",
       "</table>\n",
       "<p>41000 rows × 10 columns</p>\n",
       "</div>"
      ],
      "text/plain": [
       "         年齡    工作  婚姻  學歷 聯絡方式  最後聯絡時間  聯絡次數  消費價格指數  消費信心指數  訂購\n",
       "0      31.0   服務業  單身   1   手機   750.0     2  92.893   -46.2  一次\n",
       "1      55.0    無業  已婚   1   市話   154.0     8  94.465   -41.8  一次\n",
       "2      27.0    主管  已婚   2   手機   466.0     1  92.893   -46.2  頻繁\n",
       "3      35.0    主管  已婚   3   手機   222.0     1  93.075   -47.1  一次\n",
       "4      29.0    藍領  單身   4   手機    85.0     2  92.893   -46.2  頻繁\n",
       "...     ...   ...  ..  ..  ...     ...   ...     ...     ...  ..\n",
       "40995  47.0    主管  已婚   3   市話    76.0     1  93.918   -42.7  偶爾\n",
       "40996  30.0    主管  已婚   3   手機   438.0     2  92.469   -33.6  從未\n",
       "40997  48.0    藍領  已婚   5   手機   151.0     1  93.918   -42.7  從未\n",
       "40998  50.0    經理  已婚   3   市話   242.0     2  94.465   -41.8  從未\n",
       "40999  29.0  自僱人士  單身   3   手機    88.0     1  93.200   -42.0  從未\n",
       "\n",
       "[41000 rows x 10 columns]"
      ]
     },
     "execution_count": 5,
     "metadata": {},
     "output_type": "execute_result"
    }
   ],
   "source": [
    "dict3 = {'高中':1, '專科':2, '大學':3, '國中':4, '小學':5, '未知':6, '文盲':7}\n",
    "df['學歷'] = df['學歷'].map(dict3)\n",
    "df"
   ]
  },
  {
   "cell_type": "markdown",
   "metadata": {
    "id": "Dp1uf_7dhtF5"
   },
   "source": [
    "# 使用Pandas 進行特徵選擇"
   ]
  },
  {
   "cell_type": "markdown",
   "metadata": {
    "id": "igcI1ynqhpXC"
   },
   "source": [
    "## 皮爾森(Pearson) 相關係數"
   ]
  },
  {
   "cell_type": "code",
   "execution_count": 6,
   "metadata": {
    "colab": {
     "base_uri": "https://localhost:8080/",
     "height": 457
    },
    "id": "9mWPrAVofh1d",
    "outputId": "078791d9-ff9e-46d9-f7b7-1f31371ad586"
   },
   "outputs": [
    {
     "data": {
      "text/html": [
       "<div>\n",
       "<style scoped>\n",
       "    .dataframe tbody tr th:only-of-type {\n",
       "        vertical-align: middle;\n",
       "    }\n",
       "\n",
       "    .dataframe tbody tr th {\n",
       "        vertical-align: top;\n",
       "    }\n",
       "\n",
       "    .dataframe thead th {\n",
       "        text-align: right;\n",
       "    }\n",
       "</style>\n",
       "<table border=\"1\" class=\"dataframe\">\n",
       "  <thead>\n",
       "    <tr style=\"text-align: right;\">\n",
       "      <th></th>\n",
       "      <th>犯罪率</th>\n",
       "      <th>豪宅比</th>\n",
       "      <th>公設比</th>\n",
       "      <th>臨公園</th>\n",
       "      <th>NO濃度</th>\n",
       "      <th>房間數</th>\n",
       "      <th>屋齡</th>\n",
       "      <th>賣場距離</th>\n",
       "      <th>捷運距離</th>\n",
       "      <th>繳稅率</th>\n",
       "      <th>師生比</th>\n",
       "      <th>低收入比</th>\n",
       "      <th>房價</th>\n",
       "    </tr>\n",
       "  </thead>\n",
       "  <tbody>\n",
       "    <tr>\n",
       "      <th>犯罪率</th>\n",
       "      <td>1.000000</td>\n",
       "      <td>-0.198184</td>\n",
       "      <td>0.403882</td>\n",
       "      <td>-0.056159</td>\n",
       "      <td>0.418423</td>\n",
       "      <td>-0.219135</td>\n",
       "      <td>0.350374</td>\n",
       "      <td>-0.378109</td>\n",
       "      <td>0.624691</td>\n",
       "      <td>0.581744</td>\n",
       "      <td>0.286694</td>\n",
       "      <td>0.453140</td>\n",
       "      <td>-0.386681</td>\n",
       "    </tr>\n",
       "    <tr>\n",
       "      <th>豪宅比</th>\n",
       "      <td>-0.198184</td>\n",
       "      <td>1.000000</td>\n",
       "      <td>-0.530497</td>\n",
       "      <td>-0.041534</td>\n",
       "      <td>-0.512648</td>\n",
       "      <td>0.315653</td>\n",
       "      <td>-0.567482</td>\n",
       "      <td>0.659829</td>\n",
       "      <td>-0.309246</td>\n",
       "      <td>-0.314601</td>\n",
       "      <td>-0.383729</td>\n",
       "      <td>-0.409970</td>\n",
       "      <td>0.363700</td>\n",
       "    </tr>\n",
       "    <tr>\n",
       "      <th>公設比</th>\n",
       "      <td>0.403882</td>\n",
       "      <td>-0.530497</td>\n",
       "      <td>1.000000</td>\n",
       "      <td>0.062161</td>\n",
       "      <td>0.760634</td>\n",
       "      <td>-0.391208</td>\n",
       "      <td>0.640189</td>\n",
       "      <td>-0.706669</td>\n",
       "      <td>0.592272</td>\n",
       "      <td>0.719742</td>\n",
       "      <td>0.373900</td>\n",
       "      <td>0.598912</td>\n",
       "      <td>-0.478614</td>\n",
       "    </tr>\n",
       "    <tr>\n",
       "      <th>臨公園</th>\n",
       "      <td>-0.056159</td>\n",
       "      <td>-0.041534</td>\n",
       "      <td>0.062161</td>\n",
       "      <td>1.000000</td>\n",
       "      <td>0.091162</td>\n",
       "      <td>0.094316</td>\n",
       "      <td>0.084713</td>\n",
       "      <td>-0.098918</td>\n",
       "      <td>-0.006554</td>\n",
       "      <td>-0.035305</td>\n",
       "      <td>-0.124759</td>\n",
       "      <td>-0.055581</td>\n",
       "      <td>0.179651</td>\n",
       "    </tr>\n",
       "    <tr>\n",
       "      <th>NO濃度</th>\n",
       "      <td>0.418423</td>\n",
       "      <td>-0.512648</td>\n",
       "      <td>0.760634</td>\n",
       "      <td>0.091162</td>\n",
       "      <td>1.000000</td>\n",
       "      <td>-0.302315</td>\n",
       "      <td>0.729869</td>\n",
       "      <td>-0.768413</td>\n",
       "      <td>0.607865</td>\n",
       "      <td>0.665860</td>\n",
       "      <td>0.176829</td>\n",
       "      <td>0.586526</td>\n",
       "      <td>-0.422592</td>\n",
       "    </tr>\n",
       "    <tr>\n",
       "      <th>房間數</th>\n",
       "      <td>-0.219135</td>\n",
       "      <td>0.315653</td>\n",
       "      <td>-0.391208</td>\n",
       "      <td>0.094316</td>\n",
       "      <td>-0.302315</td>\n",
       "      <td>1.000000</td>\n",
       "      <td>-0.232807</td>\n",
       "      <td>0.206958</td>\n",
       "      <td>-0.212325</td>\n",
       "      <td>-0.293659</td>\n",
       "      <td>-0.354519</td>\n",
       "      <td>-0.616665</td>\n",
       "      <td>0.696515</td>\n",
       "    </tr>\n",
       "    <tr>\n",
       "      <th>屋齡</th>\n",
       "      <td>0.350374</td>\n",
       "      <td>-0.567482</td>\n",
       "      <td>0.640189</td>\n",
       "      <td>0.084713</td>\n",
       "      <td>0.729869</td>\n",
       "      <td>-0.232807</td>\n",
       "      <td>1.000000</td>\n",
       "      <td>-0.748993</td>\n",
       "      <td>0.454357</td>\n",
       "      <td>0.505248</td>\n",
       "      <td>0.247797</td>\n",
       "      <td>0.596512</td>\n",
       "      <td>-0.364754</td>\n",
       "    </tr>\n",
       "    <tr>\n",
       "      <th>賣場距離</th>\n",
       "      <td>-0.378109</td>\n",
       "      <td>0.659829</td>\n",
       "      <td>-0.706669</td>\n",
       "      <td>-0.098918</td>\n",
       "      <td>-0.768413</td>\n",
       "      <td>0.206958</td>\n",
       "      <td>-0.748993</td>\n",
       "      <td>1.000000</td>\n",
       "      <td>-0.492819</td>\n",
       "      <td>-0.535611</td>\n",
       "      <td>-0.223204</td>\n",
       "      <td>-0.493881</td>\n",
       "      <td>0.247956</td>\n",
       "    </tr>\n",
       "    <tr>\n",
       "      <th>捷運距離</th>\n",
       "      <td>0.624691</td>\n",
       "      <td>-0.309246</td>\n",
       "      <td>0.592272</td>\n",
       "      <td>-0.006554</td>\n",
       "      <td>0.607865</td>\n",
       "      <td>-0.212325</td>\n",
       "      <td>0.454357</td>\n",
       "      <td>-0.492819</td>\n",
       "      <td>1.000000</td>\n",
       "      <td>0.909937</td>\n",
       "      <td>0.461487</td>\n",
       "      <td>0.484412</td>\n",
       "      <td>-0.377440</td>\n",
       "    </tr>\n",
       "    <tr>\n",
       "      <th>繳稅率</th>\n",
       "      <td>0.581744</td>\n",
       "      <td>-0.314601</td>\n",
       "      <td>0.719742</td>\n",
       "      <td>-0.035305</td>\n",
       "      <td>0.665860</td>\n",
       "      <td>-0.293659</td>\n",
       "      <td>0.505248</td>\n",
       "      <td>-0.535611</td>\n",
       "      <td>0.909937</td>\n",
       "      <td>1.000000</td>\n",
       "      <td>0.457685</td>\n",
       "      <td>0.540277</td>\n",
       "      <td>-0.464384</td>\n",
       "    </tr>\n",
       "    <tr>\n",
       "      <th>師生比</th>\n",
       "      <td>0.286694</td>\n",
       "      <td>-0.383729</td>\n",
       "      <td>0.373900</td>\n",
       "      <td>-0.124759</td>\n",
       "      <td>0.176829</td>\n",
       "      <td>-0.354519</td>\n",
       "      <td>0.247797</td>\n",
       "      <td>-0.223204</td>\n",
       "      <td>0.461487</td>\n",
       "      <td>0.457685</td>\n",
       "      <td>1.000000</td>\n",
       "      <td>0.365302</td>\n",
       "      <td>-0.504142</td>\n",
       "    </tr>\n",
       "    <tr>\n",
       "      <th>低收入比</th>\n",
       "      <td>0.453140</td>\n",
       "      <td>-0.409970</td>\n",
       "      <td>0.598912</td>\n",
       "      <td>-0.055581</td>\n",
       "      <td>0.586526</td>\n",
       "      <td>-0.616665</td>\n",
       "      <td>0.596512</td>\n",
       "      <td>-0.493881</td>\n",
       "      <td>0.484412</td>\n",
       "      <td>0.540277</td>\n",
       "      <td>0.365302</td>\n",
       "      <td>1.000000</td>\n",
       "      <td>-0.735179</td>\n",
       "    </tr>\n",
       "    <tr>\n",
       "      <th>房價</th>\n",
       "      <td>-0.386681</td>\n",
       "      <td>0.363700</td>\n",
       "      <td>-0.478614</td>\n",
       "      <td>0.179651</td>\n",
       "      <td>-0.422592</td>\n",
       "      <td>0.696515</td>\n",
       "      <td>-0.364754</td>\n",
       "      <td>0.247956</td>\n",
       "      <td>-0.377440</td>\n",
       "      <td>-0.464384</td>\n",
       "      <td>-0.504142</td>\n",
       "      <td>-0.735179</td>\n",
       "      <td>1.000000</td>\n",
       "    </tr>\n",
       "  </tbody>\n",
       "</table>\n",
       "</div>"
      ],
      "text/plain": [
       "           犯罪率       豪宅比       公設比       臨公園      NO濃度       房間數        屋齡  \\\n",
       "犯罪率   1.000000 -0.198184  0.403882 -0.056159  0.418423 -0.219135  0.350374   \n",
       "豪宅比  -0.198184  1.000000 -0.530497 -0.041534 -0.512648  0.315653 -0.567482   \n",
       "公設比   0.403882 -0.530497  1.000000  0.062161  0.760634 -0.391208  0.640189   \n",
       "臨公園  -0.056159 -0.041534  0.062161  1.000000  0.091162  0.094316  0.084713   \n",
       "NO濃度  0.418423 -0.512648  0.760634  0.091162  1.000000 -0.302315  0.729869   \n",
       "房間數  -0.219135  0.315653 -0.391208  0.094316 -0.302315  1.000000 -0.232807   \n",
       "屋齡    0.350374 -0.567482  0.640189  0.084713  0.729869 -0.232807  1.000000   \n",
       "賣場距離 -0.378109  0.659829 -0.706669 -0.098918 -0.768413  0.206958 -0.748993   \n",
       "捷運距離  0.624691 -0.309246  0.592272 -0.006554  0.607865 -0.212325  0.454357   \n",
       "繳稅率   0.581744 -0.314601  0.719742 -0.035305  0.665860 -0.293659  0.505248   \n",
       "師生比   0.286694 -0.383729  0.373900 -0.124759  0.176829 -0.354519  0.247797   \n",
       "低收入比  0.453140 -0.409970  0.598912 -0.055581  0.586526 -0.616665  0.596512   \n",
       "房價   -0.386681  0.363700 -0.478614  0.179651 -0.422592  0.696515 -0.364754   \n",
       "\n",
       "          賣場距離      捷運距離       繳稅率       師生比      低收入比        房價  \n",
       "犯罪率  -0.378109  0.624691  0.581744  0.286694  0.453140 -0.386681  \n",
       "豪宅比   0.659829 -0.309246 -0.314601 -0.383729 -0.409970  0.363700  \n",
       "公設比  -0.706669  0.592272  0.719742  0.373900  0.598912 -0.478614  \n",
       "臨公園  -0.098918 -0.006554 -0.035305 -0.124759 -0.055581  0.179651  \n",
       "NO濃度 -0.768413  0.607865  0.665860  0.176829  0.586526 -0.422592  \n",
       "房間數   0.206958 -0.212325 -0.293659 -0.354519 -0.616665  0.696515  \n",
       "屋齡   -0.748993  0.454357  0.505248  0.247797  0.596512 -0.364754  \n",
       "賣場距離  1.000000 -0.492819 -0.535611 -0.223204 -0.493881  0.247956  \n",
       "捷運距離 -0.492819  1.000000  0.909937  0.461487  0.484412 -0.377440  \n",
       "繳稅率  -0.535611  0.909937  1.000000  0.457685  0.540277 -0.464384  \n",
       "師生比  -0.223204  0.461487  0.457685  1.000000  0.365302 -0.504142  \n",
       "低收入比 -0.493881  0.484412  0.540277  0.365302  1.000000 -0.735179  \n",
       "房價    0.247956 -0.377440 -0.464384 -0.504142 -0.735179  1.000000  "
      ]
     },
     "execution_count": 6,
     "metadata": {},
     "output_type": "execute_result"
    }
   ],
   "source": [
    "import pandas as pd\n",
    "df = pd.read_csv('地區房價資料檔.csv')\n",
    "featuresCorr = df.corr()\n",
    "featuresCorr"
   ]
  },
  {
   "cell_type": "code",
   "execution_count": 7,
   "metadata": {
    "colab": {
     "base_uri": "https://localhost:8080/"
    },
    "id": "_fYZq1SUhDjQ",
    "outputId": "7141ac62-ab05-44f8-bf5b-573e28f3322a"
   },
   "outputs": [
    {
     "name": "stdout",
     "output_type": "stream",
     "text": [
      "選擇特徵數： 6 \n",
      "選擇特徵:\n",
      "公設比    -0.478614\n",
      "NO濃度   -0.422592\n",
      "房間數     0.696515\n",
      "繳稅率    -0.464384\n",
      "師生比    -0.504142\n",
      "低收入比   -0.735179\n",
      "Name: 房價, dtype: float64\n"
     ]
    }
   ],
   "source": [
    "targetCorr = featuresCorr['房價']\n",
    "targetCorr = targetCorr.drop('房價')\n",
    "selectedFeatures = targetCorr[abs(targetCorr) > 0.4]\n",
    "print(\"選擇特徵數： {} \\n選擇特徵:\\n{}\".\n",
    "      format(len(selectedFeatures), selectedFeatures))"
   ]
  },
  {
   "cell_type": "markdown",
   "metadata": {
    "id": "TkaNbcisiKT8"
   },
   "source": [
    "## 肯德爾(Kendall) 相關係數"
   ]
  },
  {
   "cell_type": "code",
   "execution_count": 8,
   "metadata": {
    "colab": {
     "base_uri": "https://localhost:8080/",
     "height": 457
    },
    "id": "Yne5hxExf5XT",
    "outputId": "2ed5a612-8f89-464a-9df5-eba684e93965"
   },
   "outputs": [
    {
     "data": {
      "text/html": [
       "<div>\n",
       "<style scoped>\n",
       "    .dataframe tbody tr th:only-of-type {\n",
       "        vertical-align: middle;\n",
       "    }\n",
       "\n",
       "    .dataframe tbody tr th {\n",
       "        vertical-align: top;\n",
       "    }\n",
       "\n",
       "    .dataframe thead th {\n",
       "        text-align: right;\n",
       "    }\n",
       "</style>\n",
       "<table border=\"1\" class=\"dataframe\">\n",
       "  <thead>\n",
       "    <tr style=\"text-align: right;\">\n",
       "      <th></th>\n",
       "      <th>犯罪率</th>\n",
       "      <th>豪宅比</th>\n",
       "      <th>公設比</th>\n",
       "      <th>臨公園</th>\n",
       "      <th>NO濃度</th>\n",
       "      <th>房間數</th>\n",
       "      <th>屋齡</th>\n",
       "      <th>賣場距離</th>\n",
       "      <th>捷運距離</th>\n",
       "      <th>繳稅率</th>\n",
       "      <th>師生比</th>\n",
       "      <th>低收入比</th>\n",
       "      <th>房價</th>\n",
       "    </tr>\n",
       "  </thead>\n",
       "  <tbody>\n",
       "    <tr>\n",
       "      <th>犯罪率</th>\n",
       "      <td>1.000000</td>\n",
       "      <td>-0.460379</td>\n",
       "      <td>0.520270</td>\n",
       "      <td>0.034488</td>\n",
       "      <td>0.603402</td>\n",
       "      <td>-0.215448</td>\n",
       "      <td>0.500570</td>\n",
       "      <td>-0.539368</td>\n",
       "      <td>0.563798</td>\n",
       "      <td>0.547322</td>\n",
       "      <td>0.312456</td>\n",
       "      <td>0.455192</td>\n",
       "      <td>-0.404431</td>\n",
       "    </tr>\n",
       "    <tr>\n",
       "      <th>豪宅比</th>\n",
       "      <td>-0.460379</td>\n",
       "      <td>1.000000</td>\n",
       "      <td>-0.531968</td>\n",
       "      <td>-0.038050</td>\n",
       "      <td>-0.506646</td>\n",
       "      <td>0.278587</td>\n",
       "      <td>-0.426987</td>\n",
       "      <td>0.474682</td>\n",
       "      <td>-0.233688</td>\n",
       "      <td>-0.291470</td>\n",
       "      <td>-0.356645</td>\n",
       "      <td>-0.383358</td>\n",
       "      <td>0.339110</td>\n",
       "    </tr>\n",
       "    <tr>\n",
       "      <th>公設比</th>\n",
       "      <td>0.520270</td>\n",
       "      <td>-0.531968</td>\n",
       "      <td>1.000000</td>\n",
       "      <td>0.075058</td>\n",
       "      <td>0.610078</td>\n",
       "      <td>-0.290649</td>\n",
       "      <td>0.486181</td>\n",
       "      <td>-0.563801</td>\n",
       "      <td>0.354393</td>\n",
       "      <td>0.484720</td>\n",
       "      <td>0.330475</td>\n",
       "      <td>0.462395</td>\n",
       "      <td>-0.415849</td>\n",
       "    </tr>\n",
       "    <tr>\n",
       "      <th>臨公園</th>\n",
       "      <td>0.034488</td>\n",
       "      <td>-0.038050</td>\n",
       "      <td>0.075058</td>\n",
       "      <td>1.000000</td>\n",
       "      <td>0.055708</td>\n",
       "      <td>0.050547</td>\n",
       "      <td>0.053710</td>\n",
       "      <td>-0.065191</td>\n",
       "      <td>0.023653</td>\n",
       "      <td>-0.037600</td>\n",
       "      <td>-0.117967</td>\n",
       "      <td>-0.042643</td>\n",
       "      <td>0.117118</td>\n",
       "    </tr>\n",
       "    <tr>\n",
       "      <th>NO濃度</th>\n",
       "      <td>0.603402</td>\n",
       "      <td>-0.506646</td>\n",
       "      <td>0.610078</td>\n",
       "      <td>0.055708</td>\n",
       "      <td>1.000000</td>\n",
       "      <td>-0.216459</td>\n",
       "      <td>0.589950</td>\n",
       "      <td>-0.683932</td>\n",
       "      <td>0.436235</td>\n",
       "      <td>0.454030</td>\n",
       "      <td>0.273242</td>\n",
       "      <td>0.449213</td>\n",
       "      <td>-0.393477</td>\n",
       "    </tr>\n",
       "    <tr>\n",
       "      <th>房間數</th>\n",
       "      <td>-0.215448</td>\n",
       "      <td>0.278587</td>\n",
       "      <td>-0.290649</td>\n",
       "      <td>0.050547</td>\n",
       "      <td>-0.216459</td>\n",
       "      <td>1.000000</td>\n",
       "      <td>-0.183353</td>\n",
       "      <td>0.180823</td>\n",
       "      <td>-0.081648</td>\n",
       "      <td>-0.192688</td>\n",
       "      <td>-0.220673</td>\n",
       "      <td>-0.469532</td>\n",
       "      <td>0.484126</td>\n",
       "    </tr>\n",
       "    <tr>\n",
       "      <th>屋齡</th>\n",
       "      <td>0.500570</td>\n",
       "      <td>-0.426987</td>\n",
       "      <td>0.486181</td>\n",
       "      <td>0.053710</td>\n",
       "      <td>0.589950</td>\n",
       "      <td>-0.183353</td>\n",
       "      <td>1.000000</td>\n",
       "      <td>-0.610570</td>\n",
       "      <td>0.310727</td>\n",
       "      <td>0.362669</td>\n",
       "      <td>0.245115</td>\n",
       "      <td>0.481129</td>\n",
       "      <td>-0.384108</td>\n",
       "    </tr>\n",
       "    <tr>\n",
       "      <th>賣場距離</th>\n",
       "      <td>-0.539368</td>\n",
       "      <td>0.474682</td>\n",
       "      <td>-0.563801</td>\n",
       "      <td>-0.065191</td>\n",
       "      <td>-0.683932</td>\n",
       "      <td>0.180823</td>\n",
       "      <td>-0.610570</td>\n",
       "      <td>1.000000</td>\n",
       "      <td>-0.362540</td>\n",
       "      <td>-0.384072</td>\n",
       "      <td>-0.218994</td>\n",
       "      <td>-0.407415</td>\n",
       "      <td>0.311898</td>\n",
       "    </tr>\n",
       "    <tr>\n",
